689
186
944
573
976
219
356
297
129
859
402
260
944
955
881
646
989
773
413
333
225
771
435
116
903
891
333
479
103
544
328
792
730
624
717
706
843
73
355
972
285
758
585
229
713
818
227
702
591
641
388
168
764
175
284
667
66
970
146
521
514
826
313
245
802
382
303
646
456
659
970
741
769
555
322
482
725
549
536
316
542
276
484
306
451
121
326
869
91
824
390
605
3
55
202
805
438
506
803
246
517
126
339
286
681
661
120
759
562
8
75
105
285
560
763
88
33
89
958
124
266
348
81
621
404
284
426
194
142
582
440
659
708
779
297
741
792
417
500
354
777
576
811
414
488
575
503
873
16
461
997
282
161
430
903
917
66
682
111
208
616
903
219
324
34
516
65
178
285
918
533
415
494
344
829
334
919
332
207
288
145
556
922
307
986
178
576
53
860
40
613
476
943
833
152
330
701
569
508
339
487
393
754
333
738
583
667
9
916
226
297
413
134
220
720
121
398
649
526
610
689
139
438
984
324
942
314
26
511
175
365
999
568
119
684
306
54
704
668
322
930
317
736
65
889
456
538
639
457
64
249
146
555
39
131
880
981
797
258
845
972
975
196
541
446
880
199
500
584
867
823
867
537
559
284
426
367
822
66
825
238
667
323
793
707
454
25
40
604
635
237
576
610
433
469
56
314
669
909
250
888
84
117
425
643
401
204
362
575
270
539
813
937
863
959
996
317
336
37
273
972
274
202
934
60
671
343
726
692
252
976
933
336
446
710
331
199
914
45
775
184
585
940
122
448
251
470
117
588
507
391
912
134
593
198
194
264
541
920
309
145
248
242
833
694
952
164
246
867
210
21
403
795
313
877
243
565
348
712
505
207
103
769
341
696
967
887
313
509
159
622
6
760
216
840
806
168
4
52
387
566
425
791
713
739
668
956
656
16
669
513
224
124
282
917
173
249
157
486
110
668
460
117
428
28
309
235
196
313
287
936
232
65
727
945
804
747
254
812
764
275
325
340
399
959
257
572
560
414
410
671
83
222
140
863
250
449
98
799
114
738
735
346
803
814
644
959
561
898
123
677
173
800
17
572
759
627
497
319
393
259
342
828
834
834
692
84
635
142
235
750
232
322
448
35
136
92
346
50
342
821
727
515
621
97
440
380
724
289
700
117
548
394
946
734
229
990
171
864
132
406
966
365
729
767
752
217
859
451
619
554
272
347
69
246
444
861
626
520
150
678
637
51
425
935
785
654
925
956
870
410
715
837
127
796
604
879
365
815
682
985
369
307
332
791
553
128
652
531
648
155
562
637
206
987
573
343
641
850
652
863
612
367
700
739
515
656
619
880
472
653
865
193
960
549
984
513
677
989
45
677
144
607
667
702
946
592
45
939
442
49
802
55
416
503
146
931
159
117
164
983
771
29
177
731
579
513
245
608
502
642
638
998
601
305
700
547
897
98
486
339
147
288
746
564
143
245
847
655
362
11
638
133
393
167
865
972
681
462
932
535
104
570
534
57
875
234
604
772
332
442
464
480
82
562
396
578
807
595
233
522
959
223
655
352
391
872
676
424
334
608
311
790
531
845
847
406
432
451
531
116
245
347
948
328
261
696
906
421
292
491
943
603
714
598
955
457
471
983
233
157
591
545
948
474
742
795
233
174
599
764
291
844
463
591
524
724
288
430
145
932
921
440
535
988
39
842
445
862
825
31
19
768
576
967
243
318
115
476
845
714
592
488
910
55
79
435
131
719
217
629
651
491
69
186
831
460
28
276
322
205
659
694
974
235
661
569
906
776
45
103
842
989
591
105
396
22
892
527
742
109
508
745
952
578
932
783
390
312
412
65
870
71
759
844
659
420
765
917
549
810
20
743
151
963
848
547
337
740
426
79
202
935
177
154
865
109
290
255
773
702
320
643
125
79
839
784
852
604
701
753
766
73
496
917
36
697
816
726
789
243
157
343
178
334
850
395
795
140
650
569
194
323
564
319
754
756
104
958
360
157
711
479
231
560
748
619
609
565
345
398
808
503
94
338
837
944
733
985
436
383
554
630
58
470
949
813
226
405
771
939
563
835
770
146
395
518
117
356
83
463
106
243
318
200
581
507
144
314
492
932
50
398
562
460
221
864
625
799
269
749
90
184
584
860
330
331
731
800
687
166
615
793
410
933
346
343
792
490
10
637
423
412
387
337
872
608
201
498
760
471
247
850
7
183
711
690
514
794
490
553
960
105
698
722
390
44
66
534
887
76
171
662
840
911
999
712
871
201
562
